995.9726
995.9726
995.9926
995.9756
995.9726
995.9745
995.9626
995.9626
995.9576
995.9417
995.9426
995.9326
995.9326
995.9126
995.8926
995.8727
995.8627
995.8527
995.8527
995.8527
995.8627
995.8919
995.8727
995.8627
995.8727
995.8727
995.8627
995.8727
995.8627
995.8826
995.88
995.8727
995.8727
995.8727
995.8727
995.8826
995.8839
995.8727
995.8727
995.8727
995.8764
995.8727
995.8727
995.8727
995.8685
995.8727
995.8627
995.8627
995.8527
995.8426
995.8527
995.8426
995.8326
995.8326
995.8227
995.8426
995.8426
995.8527
995.8527
995.8627
995.8527
995.8527
995.8426
995.8227
995.8326
995.8326
995.8426
995.8326
995.8426
995.8426
995.8326
995.8326
995.8426
995.8527
995.8426
995.8527
995.8527
995.8326
995.85
995.8227
995.7177
995.5628
995.343
995.0698
994.8602
994.6433
994.4235
994.2302
994.061
993.9637
993.9437
993.9437
993.9237
993.9437
993.9337
993.9337
993.9337
993.9537
993.9537
993.9537
993.9537
993.9537
993.9637
993.9537
993.9518
993.9637
993.9537
993.9637
993.9537
993.9431
993.9537
993.9537
993.9637
993.9737
993.9837
993.9637
993.9537
993.9537
993.9637
993.9437
993.9537
993.9637
993.9737
993.9637
993.9537
993.9337
993.8438
993.7738
993.7444
993.6938
993.5999
993.5239
993.504
993.5136
993.5139
993.5139
993.5139
993.494
993.504
993.504
993.504
993.5085
993.5139
993.5187
993.504
993.5139
993.5139
993.5239
993.5139
993.504
993.5139
993.5139
993.5239
993.5239
993.5339
993.544
993.5339
993.5139
993.5139
993.5339
993.5339
993.5239
993.5239
993.5339
993.5339
993.544
993.554
993.554
993.554
993.544
993.5488
993.544
993.544
993.554
993.554
993.554
993.544
993.544
993.544
993.554
993.544
993.554
993.544
993.554
993.5339
993.5339
993.5339
993.5139
993.494
993.494
993.5139
993.5239
993.5339
993.5339
993.5239
993.5339
993.5339
993.5339
993.5339
993.5339
993.5339
993.5339
993.5239
993.5239
993.5234
993.5239
993.5239
993.5239
993.5194
993.5139
993.5139
993.5239
993.5239
993.504
993.5481
993.6139
993.6838
993.7338
993.7438
993.7938
993.8837
993.9537
993.9637
993.9737
993.9637
993.9637
993.9622
993.9637
993.9637
993.9659
993.9737
993.9637
993.9737
994.0037
994.0037
994.0137
994.0037
993.9837
993.9837
993.9837
993.9737
993.9837
993.9837
993.9936
993.9837
993.9936
993.9837
993.9737
993.9737
993.9637
993.9689
993.9707
993.9737
993.9936
993.9837
993.9936
993.9936
993.9866
993.9837
993.9637
993.9637
993.9637
993.9437
993.9783
994.9032
994.9032
994.9032
994.9032
994.9032
994.9132
994.9032
994.8932
994.8832
994.8632
994.8632
994.8575
994.8832
994.8832
994.8832
994.8832
994.8732
994.8722
994.8832
994.8832
994.8687
994.8632
994.8732
994.8932
994.8932
994.8532
994.8632
994.8732
994.8732
994.8632
994.8632
994.8532
994.8632
994.8532
994.8632
994.8632
994.8632
994.8732
994.8632
994.8832
994.8732
994.8832
994.8832
994.8832
994.8932
994.9032
994.9132
994.9832
995.0925
995.1331
995.163
995.213
995.293
995.3629
995.3817
995.4229
995.5324
995.6128
995.6628
995.731
995.8127
995.8826
995.9026
995.9026
995.9026
995.8826
995.8826
995.8826
995.8627
995.8627
995.8727
995.8627
995.8527
995.8527
995.8426
995.8426
995.8527
995.8527
995.8326
995.8127
995.8326
995.8326
995.8426
995.8527
995.8826
995.8727
995.8627
995.8727
995.8627
995.8826
995.8826
995.8826
995.8727
995.8727
995.8727
995.8527
995.8527
995.8527
995.8326
995.8326
995.8426
995.8527
995.8627
995.8727
995.8727
995.8826
995.8826
