1001.0198
1001.0298
1001.0228
1001.0238
1001.026
1001.0098
1001.0098
1001.0298
1001.0198
1001.0298
1001.0198
1001.0198
1001.0198
1001.0098
1001.0098
1001.0198
1001.0198
1000.9899
1000.9498
1000.8899
1000.8458
1000.8099
1000.77
1000.78
1000.75
1000.71
1000.68
1000.63
1000.5801
1000.5301
1000.5058
1000.5001
1000.5001
1000.5001
1000.4901
1000.5001
1000.5001
1000.4901
1000.5001
1000.4901
1000.5001
1000.4901
1000.4901
1000.4901
1000.4987
1000.5001
1000.5001
1000.5101
1000.4901
1000.4901
1000.4901
1000.5001
1000.5001
1000.5001
1000.5001
1000.5001
1000.4901
1000.4901
1000.5001
1000.4901
1000.5101
1000.5201
1000.5201
1000.5101
1000.5101
1000.5001
1000.5001
1000.5101
1000.5126
1000.5101
1000.5101
1000.5201